--recent = top
local cheaters = [[
5054095465
1874547046
10580707602
10360973208
10241911583
5439868938
2468661315
10236494243
10269818075
7813129183
9113935383
10583048062
3134102432
10527033843
9369814340
2056074737
10570975167
4010866133
2696181676
10091980601
10186803969
9361821978
2683595239
9317820407
10542087381
10416796780
3493201585
3217123373
7032593704
1155962125
9042950371
10400630862
9389101404
4166743652
10015383339
10489397261
9859068422
6079527353
8304811644
3042003
10030196859
3937914631
47828757
10378083771
2410783655
5520418176
2530344240
10443474578
8139152736
30949386
10565562501
3146694474
7659213983
7357808961
10460635687
9704847524
2363026111
10235605625
10482781265
7874379314
10398253405
10424507579
10494340915
10552266546
1731943293
8694793053
9790049484
9823698053
3651969027
4192173763
5032969277
9012719532
10244498246
2704005478
4041963864
2691439283
8664877482
8744478989
107503118
10484288292
9207412241
1582524884
10187204961
10254945431
8543233228
10570698317
2804540604
2238472053
2217308452
7595151646
7727115284
8702046850
9347698168
4592427314
2802899298
3325090776
1520180247
418313801
4471170498
8658799005
9369927156
7890949181
4047696170
39185046
7617969277
965259095
8642779407
2711580735
4226241363
5062040749
8597638362
1904086819
3197684544
2512392613
7361441939
4630223381
7238724163
2402628674
1445107674
9001492673
8664534624
1371410281
432800467
8095542401
8179390247
8396603858
1892498732
3271303652
1846838910
1511533742
5123637851
5051269608
7506979804
9258827090
2673310749
7238278618
8884137678
9676607073
3394448100
1384086199
9441154600
531262355
166496418
1926067
9653237186
8836149784
4318719271
2234488173
9648323833
7921392314
7444339816
8519803701
9474880905
9057587134
9598770460
8505024530
584692603
7109804092
9423914265
8945864987
4130482951
8391260473
9701663670
4498010308
9474077391
8126642345
9150292652
8208137879
4979157329
417784276
1895214663
8803848536
9352574390
8116610266
9740453996
8762964613
8650722356
8871358607
7967923552
5166664649
3331066073
214634724
540876030
3847843145
5033811420
5855474751
9021048001
1435907399
7620410091
9714138790
4421984038
8781707310
9752990221
7702172943
2746230924
5113376160
9304225359
8297291532
9606323490
5234764210
2002108085
8689824914
6002380912
2474850344
9273795392
9727901136
8417351144
9516653404
8105892120
9372980826
7913671540
8867985314
813154
9140574165
9222107973
9627786074
1256006225
9222107973
5689919913
3010488967
3314158361
4730105924
9848983910
9721841516
55810
667770927
9285261798
3146393230
8053436614
9858583603
8769101693
7052312443
5158734894
9131397283
6045003220
10272268512
1410864787
6048901376
9377722545
4148969579
]]

return cheaters
